 <pre>

 Contingency table for Low clouds (octas)
 Selection: Ireland     27 stations
Period: 20180601-20180614
Used {00,12} + 01 02 ... 24
 Limits    1.00000000       2.00000000       3.00000000       4.00000000       5.00000000       6.00000000       7.00000000    
 Each class is data <= limit, the very last > last limit
 Total number of values       14899
                                              OBSERVATION
                                   2129      312      346      263      288      237      770      472 |      4817
                                    103       25       43       32       43       37      145       83 |       511
                                     58       18       26       21       29       17       96       62 |       327
                 2500m_DEFAULT       49       14       18       20       30       19       74       65 |       289
                                     58       16       23       15       25       16       89       39 |       281
                                     61       19       38       16       26       25      107       58 |       350
                                    111       34       64       37       49       40      213      134 |       682
                                    733      315      420      340      467      465     2612     2290 |      7642

                    SUM            3302      753      978      744      957      856     4106     3203 |     14899
                                              OBSERVATION
                                   2279      321      389      290      333      265      928      617 |      5422
                                    109       34       58       33       50       29      142       75 |       530
                                     64       20       36       21       28       23      102       80 |       374
                  750m_DEFAULT       58       13       25       19       28       32       85       41 |       301
                                     42       18       32       14       25       20       76       43 |       270
                                     58       18       24       16       22       20       96       69 |       323
                                    108       39       45       32       46       41      177      125 |       613
                                    584      290      369      319      425      426     2500     2153 |      7066

                    SUM            3302      753      978      744      957      856     4106     3203 |     14899

