 <pre>

 Contingency table for Rh2m (%)
 Selection: ALL     33 stations
Period: 20180601-20180614
Used {00,12} + 01 02 ... 24
 Limits    30.0000000       50.0000000       65.0000000       75.0000000       85.0000000       95.0000000       100.000000    
 Each class is data <= limit, the very last > last limit
 Total number of values       22148
                                              OBSERVATION
                                      0        0        0        0        0        0        0        0 |         0
                                      0       25       50        3        0        0        0        0 |        78
                                      0      151      967      633      130       13        0        0 |      1894
                 2500m_DEFAULT        0       39      834     1884     1290      248       12        0 |      4307
                                      0        3      207     1230     2888     1755      183        0 |      6266
                                      0        3       51      302     1501     3606     1305        0 |      6768
                                      0        1        6       39      139      963     1506        0 |      2654
                                      0        0        0        0        0       12      169        0 |       181

                    SUM               0      222     2115     4091     5948     6597     3175        0 |     22148
                                              OBSERVATION
                                      0        0        0        0        0        0        0        0 |         0
                                      0       59      202       36        7        0        0        0 |       304
                                      0      132      995      966      321       29        0        0 |      2443
                  750m_DEFAULT        0       28      708     1823     1637      453       14        0 |      4663
                                      0        2      158     1002     2657     1933      250        0 |      6002
                                      0        1       48      248     1235     3461     1371        0 |      6364
                                      0        0        4       16       88      687     1245        0 |      2040
                                      0        0        0        0        3       34      295        0 |       332

                    SUM               0      222     2115     4091     5948     6597     3175        0 |     22148

