 <pre>

 Contingency table for Rh2m (%)
 Selection: Ireland     28 stations
Period: 20180601-20180614
Used {00,12} + 01 02 ... 24
 Limits    30.0000000       50.0000000       65.0000000       75.0000000       85.0000000       95.0000000       100.000000    
 Each class is data <= limit, the very last > last limit
 Total number of values       18792
                                              OBSERVATION
                                      0        0        0        0        0        0        0        0 |         0
                                      0       22       49        3        0        0        0        0 |        74
                                      0      125      837      585      115       13        0        0 |      1675
                 2500m_DEFAULT        0       38      729     1557     1101      205        8        0 |      3638
                                      0        3      187     1043     2266     1407      150        0 |      5056
                                      0        3       50      290     1270     3025     1122        0 |      5760
                                      0        1        6       37      130      904     1349        0 |      2427
                                      0        0        0        0        0       12      150        0 |       162

                    SUM               0      192     1858     3515     4882     5566     2779        0 |     18792
                                              OBSERVATION
                                      0        0        0        0        0        0        0        0 |         0
                                      0       33      141       31        5        0        0        0 |       210
                                      0      129      851      787      244       27        0        0 |      2038
                  750m_DEFAULT        0       27      661     1537     1303      371       12        0 |      3911
                                      0        2      153      909     2166     1518      218        0 |      4966
                                      0        1       48      235     1075     2956     1124        0 |      5439
                                      0        0        4       16       86      660     1146        0 |      1912
                                      0        0        0        0        3       34      279        0 |       316

                    SUM               0      192     1858     3515     4882     5566     2779        0 |     18792

