 <pre>

 Contingency table for Cloud base (m)
 Selection: ALL     32 stations
Period: 20180601-20180614
Used {00,12} + 01 02 ... 24
 Limits    70.0000000       150.000000       300.000000       600.000000       1000.00000       1500.00000       2500.00000       5000.00000    
 Each class is data <= limit, the very last > last limit
 Total number of values       16027
                                                       OBSERVATION
                                    341       95       51       26        4       16       29       23        0 |       585
                                    122      102       61       30        5        6       17        6        3 |       352
                                    124      150      211      134       30       17       36       21        1 |       724
                                    108      110      323      519      211      133       39       31        4 |      1478
                 2500m_DEFAULT       78      120      196      801     1012      476      119       96       25 |      2923
                                     95       47      139      476      958     1058      156       93       29 |      3051
                                     48       52       32      173      237      277      165       72       20 |      1076
                                     39       20       16       80       60       59       98      194       30 |       596
                                    254      172      184      596     1000     1252      606      694      484 |      5242

                    SUM            1209      868     1213     2835     3517     3294     1265     1230      596 |     16027
                                                       OBSERVATION
                                    299       94       17       11        3       17       19       24        0 |       484
                                    114       52       33       15        6        7        5        5        1 |       238
                                    125      168      194       84       21       14       13        5        2 |       626
                                    117      151      365      511      177      108       49       30       11 |      1519
                  750m_DEFAULT      110       85      202      795     1036      513      114       66       28 |      2949
                                     79       56       83      390      774      855      119       66       23 |      2445
                                     49       33       57      186      247      323      146       37       19 |      1097
                                     17       10       14      120       94       76      124      182       20 |       657
                                    299      219      248      723     1159     1381      676      815      492 |      6012

                    SUM            1209      868     1213     2835     3517     3294     1265     1230      596 |     16027

