 <pre>

 Contingency table for Cloud base (m)
 Selection: Ireland     27 stations
Period: 20180601-20180614
Used {00,12} + 01 02 ... 24
 Limits    70.0000000       150.000000       300.000000       600.000000       1000.00000       1500.00000       2500.00000       5000.00000    
 Each class is data <= limit, the very last > last limit
 Total number of values       13899
                                                       OBSERVATION
                                    300       94       46       15        3       13       29       23        0 |       523
                                    107       95       54       26        3        6       16        6        3 |       316
                                    103      127      195      121       25       12       35       17        1 |       636
                                    101      100      311      451      197      103       36       27        3 |      1329
                 2500m_DEFAULT       69      118      185      689      935      401       95       84       16 |      2592
                                     82       44      130      445      867      917      128       71       25 |      2709
                                     39       48       28      146      204      219      127       65       16 |       892
                                     32       20       15       67       49       57       92      165       29 |       526
                                    207      158      171      526      885      992      485      583      369 |      4376

                    SUM            1040      804     1135     2486     3168     2720     1043     1041      462 |     13899
                                                       OBSERVATION
                                    254       91       15        9        3       16       19       23        0 |       430
                                    100       49       31       10        3        7        5        5        1 |       211
                                    100      153      180       76       17        8       13        5        2 |       554
                                    113      140      347      458      164       91       45       28       11 |      1397
                  750m_DEFAULT       90       80      187      674      958      445      104       52       28 |      2618
                                     69       54       79      359      707      736       92       58       18 |      2172
                                     39       27       52      158      230      261      125       33       10 |       935
                                     16       10       11       97       79       73      115      163       19 |       583
                                    259      200      233      645     1007     1083      525      674      373 |      4999

                    SUM            1040      804     1135     2486     3168     2720     1043     1041      462 |     13899

