 <pre>

 Contingency table for Low clouds (octas)
 Selection: ALL     32 stations
Period: 20180601-20180614
Used {00,12} + 01 02 ... 24
 Limits    1.00000000       2.00000000       3.00000000       4.00000000       5.00000000       6.00000000       7.00000000    
 Each class is data <= limit, the very last > last limit
 Total number of values       17177
                                              OBSERVATION
                                   2553      396      417      309      342      308      885      577 |      5787
                                    118       29       48       36       51       48      159       88 |       577
                                     72       22       30       24       32       23      104       68 |       375
                 2500m_DEFAULT       58       19       21       25       32       27       81       70 |       333
                                     66       20       26       17       30       20       93       45 |       317
                                     77       24       39       20       30       30      111       66 |       397
                                    132       45       71       45       64       49      234      153 |       793
                                    837      394      487      437      550      522     2844     2527 |      8598

                    SUM            3913      949     1139      913     1131     1027     4511     3594 |     17177
                                              OBSERVATION
                                   2771      401      469      348      410      334     1042      726 |      6501
                                    117       43       68       41       59       37      157       91 |       613
                                     75       23       44       28       31       28      116       88 |       433
                  750m_DEFAULT       67       20       27       23       30       36       95       52 |       350
                                     48       24       34       16       31       25       87       49 |       314
                                     68       22       31       22       25       27      106       80 |       381
                                    123       49       50       38       54       46      199      148 |       707
                                    644      367      416      397      491      494     2709     2360 |      7878

                    SUM            3913      949     1139      913     1131     1027     4511     3594 |     17177

